begin,,,,,
1300,,,,,
1312,,,,,
1235,,,,,
1245,,,,,
1220,,,,,
5,30,35,10,20,1250
10,25,35,15,15,1248
15,20,35,20,10,1250
20,15,35,25,5,1245
10,20,30,10,30,1240
5,15,30,15,35,1230
20,30,30,20,0,1260
15,25,30,25,5,1250
15,15,25,10,35,1245
20,20,25,15,20,1245
5,25,25,20,25,1240
10,30,25,25,10,1250
20,25,20,10,25,1250
15,30,20,15,20,1253
10,15,20,20,35,1240
5,20,20,25,30,1250
